    [38;2;0;0;0m▄[38;2;0;0;0m▄[38;2;0;0;0m[48;2;255;181;165m▀[0m[38;2;0;0;0m[48;2;255;181;165m▀[0m[38;2;0;0;0m[48;2;255;181;165m▀[0m[38;2;0;0;0m▄       [38;2;0;0;0m▄[38;2;0;0;0m▄
  [38;2;0;0;0m▄[38;2;0;0;0m[48;2;255;181;165m▀[0m[38;2;230;107;90m[48;2;255;181;165m▀[0m[38;2;255;181;165m[48;2;255;181;165m▀[0m[38;2;255;181;165m[48;2;255;181;165m▀[0m[38;2;255;181;165m[48;2;255;181;165m▀[0m[38;2;255;181;165m[48;2;189;90;74m▀[0m[38;2;255;181;165m[48;2;189;90;74m▀[0m[38;2;0;0;0m[48;2;230;107;90m▀[0m[38;2;0;0;0m▄   [38;2;0;0;0m▄[38;2;0;0;0m[48;2;58;115;181m▀[0m[38;2;123;197;255m[48;2;123;197;255m▀[0m[38;2;0;0;0m[48;2;0;0;0m▀[0m
 [38;2;0;0;0m▄[38;2;0;0;0m[48;2;58;115;181m▀[0m[38;2;255;181;165m[48;2;123;197;255m▀[0m[38;2;255;181;165m[48;2;255;181;165m▀[0m[38;2;255;181;165m[48;2;255;181;165m▀[0m[38;2;255;181;165m[48;2;189;90;74m▀[0m[38;2;255;255;255m[48;2;255;255;255m▀[0m[38;2;255;255;255m[48;2;0;0;0m▀[0m[38;2;255;255;255m[48;2;189;189;189m▀[0m[38;2;230;107;90m[48;2;230;107;90m▀[0m[38;2;0;0;0m[48;2;0;0;0m▀[0m  [38;2;0;0;0m▄[38;2;0;0;0m[48;2;115;173;230m▀[0m[38;2;123;197;255m[48;2;123;197;255m▀[0m[38;2;115;173;230m[48;2;0;0;0m▀[0m[38;2;0;0;0m▀
[38;2;0;0;0m▄[38;2;0;0;0m[48;2;123;197;255m▀[0m[38;2;123;197;255m[48;2;123;197;255m▀[0m[38;2;123;197;255m[48;2;123;197;255m▀[0m[38;2;123;197;255m[48;2;115;173;230m▀[0m[38;2;189;90;74m[48;2;58;115;181m▀[0m[38;2;230;107;90m[48;2;230;107;90m▀[0m[38;2;255;255;255m[48;2;230;107;90m▀[0m[38;2;189;189;189m[48;2;230;107;90m▀[0m[38;2;189;189;189m[48;2;65;65;65m▀[0m[38;2;0;0;0m[48;2;230;107;90m▀[0m[38;2;0;0;0m▄[38;2;0;0;0m▄[38;2;0;0;0m[48;2;65;65;65m▀[0m[38;2;66;148;206m[48;2;66;148;206m▀[0m[38;2;66;148;206m[48;2;66;148;206m▀[0m[38;2;115;173;230m[48;2;66;148;206m▀[0m[38;2;0;0;0m[48;2;0;0;0m▀[0m 
[38;2;0;0;0m▀[38;2;123;197;255m[48;2;0;0;0m▀[0m[38;2;123;197;255m[48;2;58;115;181m▀[0m[38;2;115;173;230m[48;2;58;115;181m▀[0m[38;2;58;115;181m[48;2;65;65;65m▀[0m[38;2;66;148;206m[48;2;65;65;65m▀[0m[38;2;65;65;65m[48;2;66;148;206m▀[0m[38;2;65;65;65m[48;2;66;148;206m▀[0m[38;2;65;65;65m[48;2;66;148;206m▀[0m[38;2;230;107;90m[48;2;66;148;206m▀[0m[38;2;189;90;74m[48;2;230;107;90m▀[0m[38;2;230;107;90m[48;2;189;90;74m▀[0m[38;2;230;107;90m[48;2;189;90;74m▀[0m[38;2;189;90;74m[48;2;230;107;90m▀[0m[38;2;65;65;65m[48;2;65;65;65m▀[0m[38;2;66;148;206m[48;2;0;0;0m▀[0m[38;2;0;0;0m[48;2;0;0;0m▀[0m  
  [38;2;0;0;0m▀[38;2;0;0;0m[48;2;0;0;0m▀[0m[38;2;66;148;206m[48;2;65;65;65m▀[0m[38;2;65;65;65m[48;2;123;197;255m▀[0m[38;2;123;197;255m[48;2;123;197;255m▀[0m[38;2;115;173;230m[48;2;123;197;255m▀[0m[38;2;66;148;206m[48;2;123;197;255m▀[0m[38;2;66;148;206m[48;2;66;148;206m▀[0m[38;2;230;107;90m[48;2;230;107;90m▀[0m[38;2;230;107;90m[48;2;65;65;65m▀[0m[38;2;65;65;65m[48;2;123;197;255m▀[0m[38;2;65;65;65m[48;2;66;148;206m▀[0m[38;2;0;0;0m[48;2;66;148;206m▀[0m[38;2;0;0;0m▄   
  [38;2;0;0;0m[48;2;0;0;0m▀[0m[38;2;66;148;206m[48;2;66;148;206m▀[0m[38;2;65;65;65m[48;2;66;148;206m▀[0m[38;2;66;148;206m[48;2;65;65;65m▀[0m[38;2;115;173;230m[48;2;0;0;0m▀[0m[38;2;115;173;230m[48;2;66;148;206m▀[0m[38;2;123;197;255m[48;2;66;148;206m▀[0m[38;2;123;197;255m[48;2;66;148;206m▀[0m[38;2;65;65;65m[48;2;65;65;65m▀[0m[38;2;123;197;255m[48;2;123;197;255m▀[0m[38;2;123;197;255m[48;2;123;197;255m▀[0m[38;2;123;197;255m[48;2;123;197;255m▀[0m[38;2;58;115;181m[48;2;66;148;206m▀[0m[38;2;58;115;181m[48;2;66;148;206m▀[0m[38;2;0;0;0m[48;2;0;0;0m▀[0m  
   [38;2;0;0;0m▀[38;2;0;0;0m▀[38;2;0;0;0m▀ [38;2;0;0;0m▀[38;2;0;0;0m▀[38;2;0;0;0m[48;2;0;0;0m▀[0m[38;2;123;197;255m[48;2;66;148;206m▀[0m[38;2;123;197;255m[48;2;123;197;255m▀[0m[38;2;123;197;255m[48;2;123;197;255m▀[0m[38;2;58;115;181m[48;2;66;148;206m▀[0m[38;2;66;148;206m[48;2;0;0;0m▀[0m[38;2;0;0;0m▀   
          [38;2;0;0;0m▀[38;2;66;148;206m[48;2;0;0;0m▀[0m[38;2;66;148;206m[48;2;0;0;0m▀[0m[38;2;0;0;0m▀     
[0m
